function q = tableS(x)
        
fs = [
    0.0000000;                                                             
    0.0000042;0.0000335;0.0001131;0.0002681;0.0005236;0.0009047;0.0014367;
    0.0021444;0.0030531;0.0041876;0.0055730;0.0072340;0.0091954;0.0114816;
    0.0141170;0.0171256;0.0205311;0.0243568;0.0286255;0.0333594;0.0385802;
    0.0443085;0.0505642;0.0573663;0.0647324;0.0726789;0.0812206;0.0903708;
    0.1001409;0.1105402;0.1215759;0.1332528;0.1455729;0.1585354;0.1721365;
    0.1863689;0.2012221;0.2166816;0.2327288;0.2493414;0.2664922;0.2841498;
    0.3022780;0.3208355;0.3397763;0.3590493;0.3785981;0.3983612;0.4182721;
    0.4382591;                                                             
    0.4582458;0.4781508;0.4978884;0.5173686;0.5364979;0.5551792;0.5733128;
    0.5907966;0.6075274;0.6234009;0.6383134;0.6521619;0.6648456;0.6762672;
    0.6863333;0.6949562;0.7020550;0.7075567;0.7113977;0.7135251;0.7138977;
    0.7124878;0.7092816;0.7042812;0.6975050;0.6889888;0.6787867;0.6669713;
    0.6536346;0.6388877;0.6228607;0.6057026;0.5875804;0.5686783;0.5491960;
    0.5293473;0.5093584;0.4894649;0.4699094;0.4509388;0.4328006;0.4157397;
    0.3999944;0.3857925;0.3733473;0.3628537;0.3544837;0.3483830;0.3446665;
    0.3434157;                                                             
    0.3446748;0.3484487;0.3547004;0.3633498;0.3742734;0.3873037;0.4022309;
    0.4188045;0.4367363;0.4557046;0.4753585;0.4953241;0.5152111;0.5346203;
    0.5531516;0.5704128;0.5860284;0.5996489;0.6109596;0.6196900;0.6256211;
    0.6285938;0.6285143;0.6253598;0.6191818;0.6101076;0.5983406;0.5841575;
    0.5679042;0.5499893;0.5308753;0.5110679;0.4911035;0.4715352;0.4529175;
    0.4357898;0.4206603;0.4079890;0.3981724;0.3915284;0.3882841;0.3885643;
    0.3923850;0.3996480;0.4101406;0.4235387;0.4394139;0.4572445;0.4764306;
    0.4963130;                                                             
    0.5161942;0.5353629;0.5531195;0.5688028;0.5818159;0.5916511;0.5979129;
    0.6003366;0.5988034;0.5933495;0.5841697;0.5716147;0.5561806;0.5384935;
    0.5192861;0.4993695;0.4796004;0.4608446;0.4439382;0.4296495;0.4186411;
    0.4114369;0.4083928;0.4096754;0.4152480;0.4248672;0.4380883;0.4542817;
    0.4726592;0.4923095;0.5122412;0.5314321;0.5488815;0.5636638;0.5749804;
    0.5822056;0.5849261;0.5829692;0.5764191;0.5656187;0.5511574;0.5338432;
    0.5146622;0.4947245;0.4752024;0.4572613;0.4419892;0.4303279;0.4230117;
    0.4205158;                                                             
    0.4230199;0.4303900;0.4421781;0.4576445;0.4757983;0.4954571;0.5153214;
    0.5340587;0.5503941;0.5631989;0.5715723;0.5749103;0.5729547;0.5658205;
    0.5539959;0.5383155;0.5199077;0.5001173;0.4804108;0.4622680;0.4470706;
    0.4359933;0.4299086;0.4293116;0.4342730;0.4444234;0.4589736;0.4767689;
    0.4963756;0.5161923;0.5345797;0.5499967;0.5611328;0.5670244;0.5671455;
    0.5614619;0.5504452;0.5350416;0.5165982;0.4967502;0.4772800;0.4599575;
    0.4463774;0.4378082;0.4350674;0.4384348;0.4476156;0.4617567;0.4795178;
    0.4991914];                                                            
    
    q = pchip(0:0.02:5,fs,x);
end    